date,avg_temperature,humidity,avg_wind_speed,rain_or_not,cloud_cover,pressure,rain_or_not_binary,month,day_of_week,day_of_year,season,avg_temperature_bins,humidity_bins,avg_wind_speed_bins,cloud_cover_bins,pressure_bins
2023-01-01,-0.3463033513805384,-0.4798082510206645,0.05771627215955103,Rain,-1.0273479573095003,-0.28112757568572855,1,1,6,1,Winter,"(-0.655, -0.253]","(-0.813, -0.303]","(-0.0421, 0.187]","(-1.049, -0.649]","(-0.727, -0.244]"
2023-01-02,0.601658637442545,0.25382507555142186,-0.4155271340510314,Rain,1.5283398437382971,1.257899099733257,1,1,0,2,Winter,"(0.444, 0.8]","(0.0874, 0.412]","(-0.593, -0.3]","(1.337, 1.768]","(1.071, 1.326]"
2023-01-03,0.35048993218619634,-0.19546462102974713,1.0781575248955595,Rain,-1.353475341412775,1.1509260481353059,1,1,1,3,Winter,"(0.171, 0.444]","(-0.303, 0.0874]","(0.838, 1.126]","(-1.418, -1.049]","(1.071, 1.326]"
2023-01-04,0.2276724571313256,-0.10791471060529027,-0.31866651008129393,Rain,1.1278818507865929,-1.1271233356418262,1,1,2,4,Winter,"(0.171, 0.444]","(-0.303, 0.0874]","(-0.593, -0.3]","(1.013, 1.337]","(-1.412, -1.072]"
2023-01-05,-0.3623057587263033,0.1443115647280818,0.9035352946549062,Rain,-0.4181859991279841,1.0144503570879602,1,1,3,5,Winter,"(-0.655, -0.253]","(0.0874, 0.412]","(0.838, 1.126]","(-0.649, -0.257]","(0.725, 1.071]"
2023-01-06,-0.28556018453783877,-0.2895307862906365,-0.18412972732655397,Rain,1.3420977348404821,-0.1820276495888806,1,1,4,6,Winter,"(-0.655, -0.253]","(-0.303, 0.0874]","(-0.3, -0.0421]","(1.337, 1.768]","(-0.244, 0.0305]"
2023-01-07,-0.3575241326985258,0.4739218098288808,-0.3633317538192069,Rain,1.3069960814484418,-0.0959468032315708,1,1,5,7,Winter,"(-0.655, -0.253]","(0.412, 0.787]","(-0.593, -0.3]","(1.013, 1.337]","(-0.244, 0.0305]"
2023-01-08,0.9357307859938819,0.6387289771598607,-0.11628510307350347,Rain,1.0870936519587298,-1.3099052433735108,1,1,6,8,Winter,"(0.8, 0.995]","(0.412, 0.787]","(-0.3, -0.0421]","(1.013, 1.337]","(-1.412, -1.072]"
2023-01-09,0.6089004255215459,0.4787908600627239,-0.5810769782314111,Rain,1.0308363111057504,-1.4935798929869653,1,1,0,9,Winter,"(0.444, 0.8]","(0.412, 0.787]","(-0.593, -0.3]","(1.013, 1.337]","(-1.7309999999999999, -1.412]"
2023-01-10,0.8414926412851935,0.8947479879671381,0.7047402603750832,Rain,-0.6869765562871282,0.7549641335659194,1,1,1,10,Winter,"(0.8, 0.995]","(0.787, 1.027]","(0.463, 0.838]","(-1.049, -0.649]","(0.725, 1.071]"
2023-01-11,-0.12602923493068213,0.17313496637367135,2.931060726109314,Rain,-1.4789339737978848,-0.049081030024031275,1,1,2,11,Winter,"(-0.253, 0.171]","(0.0874, 0.412]","(1.126, 9.43]","(-1.755, -1.418]","(-0.244, 0.0305]"
2023-01-12,1.351192222546447,1.0913679761976978,-0.7803766204430639,Rain,-0.339057859480688,-0.256139419149198,1,1,3,12,Winter,"(0.995, 1.351]","(1.027, 1.297]","(-0.858, -0.593]","(-0.649, -0.257]","(-0.727, -0.244]"
2023-01-13,0.17141836462815443,0.08735538168784869,-0.04209132364404484,No Rain,0.029990521317610822,0.760413822284214,0,1,4,13,Winter,"(-0.253, 0.171]","(-0.303, 0.0874]","(-0.3, -0.0421]","(-0.257, 0.03]","(0.725, 1.071]"
2023-01-14,0.3582380527284197,0.3928760359348587,-0.34331455485455226,Rain,0.6943202096053556,0.8854769458442301,1,1,5,14,Winter,"(0.171, 0.444]","(0.0874, 0.412]","(-0.593, -0.3]","(0.684, 1.013]","(0.725, 1.071]"
2023-01-15,0.3722590241232312,0.7350758887304283,0.11675087297137994,Rain,-0.5403759012808989,-1.221579770734313,1,1,6,15,Winter,"(0.171, 0.444]","(0.412, 0.787]","(-0.0421, 0.187]","(-0.649, -0.257]","(-1.412, -1.072]"
2023-01-16,0.17141836462815443,0.08735538168784869,-0.04209132364404484,Rain,0.029990521317610822,0.34608106130872035,1,1,0,16,Winter,"(-0.253, 0.171]","(-0.303, 0.0874]","(-0.3, -0.0421]","(-0.257, 0.03]","(0.0305, 0.383]"
2023-01-17,0.17141836462815443,0.08735538168784869,-0.04209132364404484,No Rain,0.029990521317610822,-1.3033954758628201,0,1,1,17,Winter,"(-0.253, 0.171]","(-0.303, 0.0874]","(-0.3, -0.0421]","(-0.257, 0.03]","(-1.412, -1.072]"
2023-01-18,1.052407861977143,0.7224956333010621,-1.1126560954313014,Rain,1.145687649902865,0.8363688986739652,1,1,2,18,Winter,"(0.995, 1.351]","(0.412, 0.787]","(-1.131, -0.858]","(1.013, 1.337]","(0.725, 1.071]"
2023-01-19,0.9604934124456751,0.6767961486062245,1.258630592711027,Rain,-1.2962860588812117,0.5083989094683181,1,1,3,19,Winter,"(0.8, 0.995]","(0.412, 0.787]","(1.126, 9.43]","(-1.418, -1.049]","(0.383, 0.725]"
2023-01-20,0.792981647601618,1.0420577943792229,0.3592442762367353,Rain,1.2856107829526615,1.5492735604981196,1,1,4,20,Winter,"(0.444, 0.8]","(1.027, 1.297]","(0.187, 0.463]","(1.013, 1.337]","(1.326, 1.684]"
2023-01-21,1.3178267592356154,0.5811992533494134,-0.48446670729240077,Rain,1.5005985792484902,-1.5340238726261632,1,1,5,21,Winter,"(0.995, 1.351]","(0.412, 0.787]","(-0.593, -0.3]","(1.337, 1.768]","(-1.7309999999999999, -1.412]"
2023-01-22,0.6430607893072544,0.8067677240120006,-1.048185264489748,Rain,-0.041465794088609835,-1.5753702664414764,1,1,6,22,Winter,"(0.444, 0.8]","(0.787, 1.027]","(-1.131, -0.858]","(-0.257, 0.03]","(-1.7309999999999999, -1.412]"
2023-01-23,0.9072939099611781,1.6021859691698048,0.8384875343189616,Rain,0.3803891946103344,-0.793367401715918,1,1,0,23,Winter,"(0.8, 0.995]","(1.297, 1.863]","(0.463, 0.838]","(0.334, 0.684]","(-1.072, -0.727]"
2023-01-24,1.0494514699466833,1.5755890019363972,0.3372431477732447,Rain,0.9415724474464532,-0.8645100258220675,1,1,1,24,Winter,"(0.995, 1.351]","(1.297, 1.863]","(0.187, 0.463]","(0.684, 1.013]","(-1.072, -0.727]"
2023-01-25,1.2111140580949435,1.2159157235368079,0.08767141410211515,Rain,-1.1465234931679835,-0.9156642282921806,1,1,2,25,Winter,"(0.995, 1.351]","(1.027, 1.297]","(-0.0421, 0.187]","(-1.418, -1.049]","(-1.072, -0.727]"
2023-01-26,1.351192222546447,1.1496765563889568,1.1262556877724585,Rain,0.013408359236978539,1.3743466991744118,1,1,3,26,Winter,"(0.995, 1.351]","(1.027, 1.297]","(0.838, 1.126]","(-0.257, 0.03]","(1.326, 1.684]"
2023-01-27,0.8652603952880967,1.3092423714766583,0.8228468015423895,No Rain,-0.3543376322321742,-0.9067462974336375,0,1,4,27,Winter,"(0.8, 0.995]","(1.297, 1.863]","(0.463, 0.838]","(-0.649, -0.257]","(-1.072, -0.727]"
2023-01-28,1.351192222546447,1.862739599354302,-1.0124465438435508,Rain,-1.2472689052405308,-0.82892708817917,1,1,5,28,Winter,"(0.995, 1.351]","(1.297, 1.863]","(-1.131, -0.858]","(-1.418, -1.049]","(-1.072, -0.727]"
2023-01-29,1.351192222546447,1.4280045127324132,-0.551270157530623,Rain,-0.46451168419490074,0.8642376026679758,1,1,6,29,Winter,"(0.995, 1.351]","(1.297, 1.863]","(-0.593, -0.3]","(-0.649, -0.257]","(0.725, 1.071]"
2023-01-30,0.6650506829105118,1.5693850791263315,-0.7334760030395067,Rain,-1.5240495746199594,-0.21136866933681436,1,1,0,30,Winter,"(0.444, 0.8]","(1.297, 1.863]","(-0.858, -0.593]","(-1.755, -1.418]","(-0.244, 0.0305]"
2023-01-31,1.351192222546447,1.2745648893033639,0.6941850639720004,Rain,-1.6739765343107151,0.9243722910416386,1,1,1,31,Winter,"(0.995, 1.351]","(1.027, 1.297]","(0.463, 0.838]","(-1.755, -1.418]","(0.725, 1.071]"
2023-02-01,0.8521871404019835,1.3426986903132097,-1.3528743046393195,Rain,-1.2869365368112846,-1.5465002840386937,1,2,2,32,Winter,"(0.8, 0.995]","(1.297, 1.863]","(-1.4369999999999998, -1.131]","(-1.418, -1.049]","(-1.7309999999999999, -1.412]"
2023-02-02,0.6869108326187399,1.4926815280296264,0.19264049873974595,No Rain,1.6434381194410526,-0.07996052400691196,0,2,3,33,Winter,"(0.444, 0.8]","(1.297, 1.863]","(0.187, 0.463]","(1.337, 1.768]","(-0.244, 0.0305]"
2023-02-03,1.351192222546447,1.342578798033414,0.7475285727619132,Rain,0.1796270041087549,-1.6567935868169592,1,2,4,34,Winter,"(0.995, 1.351]","(1.297, 1.863]","(0.463, 0.838]","(0.03, 0.334]","(-1.7309999999999999, -1.412]"
2023-02-04,1.351192222546447,0.7869155616790552,1.0769043477468312,Rain,1.6530192302787683,-1.555923798037254,1,2,5,35,Winter,"(0.995, 1.351]","(0.412, 0.787]","(0.838, 1.126]","(1.337, 1.768]","(-1.7309999999999999, -1.412]"
2023-02-05,1.351192222546447,1.6160074258725128,-0.4637886584431712,Rain,-0.23458531676755578,1.3749819125034148,1,2,6,36,Winter,"(0.995, 1.351]","(1.297, 1.863]","(-0.593, -0.3]","(-0.257, 0.03]","(1.326, 1.684]"
2023-02-06,0.9826774349991021,1.0859348761651324,0.9169569452760147,Rain,-0.6617164608134981,-1.2898789866847447,1,2,0,37,Winter,"(0.8, 0.995]","(1.027, 1.297]","(0.838, 1.126]","(-1.049, -0.649]","(-1.412, -1.072]"
2023-02-07,0.6441952419257152,1.7860417939447195,-1.1307124659017784,No Rain,0.026064206423213193,0.07582529716149801,0,2,1,38,Winter,"(0.444, 0.8]","(1.297, 1.863]","(-1.4369999999999998, -1.131]","(-0.257, 0.03]","(0.0305, 0.383]"
2023-02-08,1.351192222546447,1.3735293717237242,0.9895563656552603,Rain,-0.20976120759787084,-0.3456004036578427,1,2,2,39,Winter,"(0.995, 1.351]","(1.297, 1.863]","(0.838, 1.126]","(-0.257, 0.03]","(-0.727, -0.244]"
2023-02-09,1.0965347047047356,1.1729426527659879,-1.082139191833648,Rain,-1.3913521153530406,-0.5670455311473741,1,2,3,40,Winter,"(0.995, 1.351]","(1.027, 1.297]","(-1.131, -0.858]","(-1.418, -1.049]","(-0.727, -0.244]"
2023-02-10,0.5790547860087767,1.23128536868594,-0.30471374684718827,Rain,0.5027553902236003,1.352042379266245,1,2,4,41,Winter,"(0.444, 0.8]","(1.027, 1.297]","(-0.593, -0.3]","(0.334, 0.684]","(1.326, 1.684]"
2023-02-11,1.100589624160876,1.0411553169995416,0.8479105563876348,Rain,-1.0007051415021009,-1.6977471534435935,1,2,5,42,Winter,"(0.995, 1.351]","(1.027, 1.297]","(0.838, 1.126]","(-1.049, -0.649]","(-1.7309999999999999, -1.412]"
2023-02-12,0.36087151011124796,0.8927117600313156,-1.0175106474330604,Rain,0.4275860686549545,0.5321388201625087,1,2,6,43,Winter,"(0.171, 0.444]","(0.787, 1.027]","(-1.131, -0.858]","(0.334, 0.684]","(0.383, 0.725]"
2023-02-13,1.351192222546447,1.0269877138370278,-0.7889096138042003,Rain,0.5359357152134893,1.5728234110932124,1,2,0,44,Winter,"(0.995, 1.351]","(0.787, 1.027]","(-0.858, -0.593]","(0.334, 0.684]","(1.326, 1.684]"
2023-02-14,0.17141836462815443,0.08735538168784869,-0.04209132364404484,Rain,0.029990521317610822,0.1722069370081879,1,2,1,45,Winter,"(-0.253, 0.171]","(-0.303, 0.0874]","(-0.3, -0.0421]","(-0.257, 0.03]","(0.0305, 0.383]"
2023-02-15,1.154557861855572,0.7352679702737156,0.6252890401465401,Rain,-1.548197220807832,1.4805250006710282,1,2,2,46,Winter,"(0.995, 1.351]","(0.412, 0.787]","(0.463, 0.838]","(-1.755, -1.418]","(1.326, 1.684]"
2023-02-16,0.568162137716685,0.6323015044593636,0.39797046022752947,Rain,0.9980308971769093,-1.5920322167175256,1,2,3,47,Winter,"(0.444, 0.8]","(0.412, 0.787]","(0.187, 0.463]","(0.684, 1.013]","(-1.7309999999999999, -1.412]"
2023-02-17,0.17141836462815443,0.08735538168784869,-0.04209132364404484,Rain,0.029990521317610822,-0.3188621928259494,1,2,4,48,Winter,"(-0.253, 0.171]","(-0.303, 0.0874]","(-0.3, -0.0421]","(-0.257, 0.03]","(-0.727, -0.244]"
2023-02-18,0.799913382945856,0.922368997428199,0.11436378503508718,Rain,-1.5594728938228555,-0.8698866701132972,1,2,5,49,Winter,"(0.444, 0.8]","(0.787, 1.027]","(-0.0421, 0.187]","(-1.755, -1.418]","(-1.072, -0.727]"
2023-02-19,0.18906160252841084,0.9869057191847912,-0.7239384626144765,Rain,1.7558157515092545,0.7649736447763439,1,2,6,50,Winter,"(0.171, 0.444]","(0.787, 1.027]","(-0.858, -0.593]","(1.337, 1.768]","(0.725, 1.071]"
2023-02-20,1.3053176777371494,0.6241476671291524,-0.45337420273944645,Rain,-1.5608292828440908,1.635008735769074,1,2,0,51,Winter,"(0.995, 1.351]","(0.412, 0.787]","(-0.593, -0.3]","(-1.755, -1.418]","(1.326, 1.684]"
2023-02-21,0.942637490550348,0.6089905519901111,-0.9262238114444832,Rain,0.6946180077158519,-0.8824876759160492,1,2,1,52,Winter,"(0.8, 0.995]","(0.412, 0.787]","(-1.131, -0.858]","(0.684, 1.013]","(-1.072, -0.727]"
2023-02-22,0.17141836462815443,0.08735538168784869,-0.04209132364404484,No Rain,0.029990521317610822,0.49874058280183325,0,2,2,53,Winter,"(-0.253, 0.171]","(-0.303, 0.0874]","(-0.3, -0.0421]","(-0.257, 0.03]","(0.383, 0.725]"
2023-02-23,0.9789444925862909,0.5346708646850649,0.23154686332043772,Rain,-0.9187985078700801,-1.0854541828941164,1,2,3,54,Winter,"(0.8, 0.995]","(0.412, 0.787]","(0.187, 0.463]","(-1.049, -0.649]","(-1.412, -1.072]"
2023-02-24,0.45666383477587436,0.3687974918411199,-0.29444370797500546,Rain,-1.2618672617697921,0.19013752020623256,1,2,4,55,Winter,"(0.444, 0.8]","(0.0874, 0.412]","(-0.3, -0.0421]","(-1.418, -1.049]","(0.0305, 0.383]"
2023-02-25,0.8695919871326675,-0.048621703160787025,-0.11822718402294138,Rain,-1.3357131240718567,-0.16207016435796645,1,2,5,56,Winter,"(0.8, 0.995]","(-0.303, 0.0874]","(-0.3, -0.0421]","(-1.418, -1.049]","(-0.244, 0.0305]"
2023-02-26,-0.46415329941775024,-0.4179538817822504,1.2801012908803906,No Rain,-0.6919457296066975,1.6027335718443352,0,2,6,57,Winter,"(-0.655, -0.253]","(-0.813, -0.303]","(1.126, 9.43]","(-1.049, -0.649]","(1.326, 1.684]"
2023-02-27,0.17141836462815443,0.08735538168784869,-0.04209132364404484,Rain,0.029990521317610822,0.3401834438142122,1,2,0,58,Winter,"(-0.253, 0.171]","(-0.303, 0.0874]","(-0.3, -0.0421]","(-0.257, 0.03]","(0.0305, 0.383]"
2023-02-28,-0.6853385083850801,-0.2849158056178182,0.2397246749979226,No Rain,0.6844464054581331,-0.5595321373263655,0,2,1,59,Winter,"(-1.11, -0.655]","(-0.303, 0.0874]","(0.187, 0.463]","(0.334, 0.684]","(-0.727, -0.244]"
2023-03-01,-0.34158825073425214,0.12046789826210931,0.008221434470857976,Rain,-1.5448625774068407,-1.3772367039068232,1,3,2,60,Spring,"(-0.655, -0.253]","(0.0874, 0.412]","(-0.0421, 0.187]","(-1.755, -1.418]","(-1.412, -1.072]"
2023-03-02,-0.32498070333752593,0.14100613229380388,9.430295181661101,Rain,0.03767411040328477,-1.2481916232738979,1,3,3,61,Spring,"(-0.655, -0.253]","(0.0874, 0.412]","(1.126, 9.43]","(0.03, 0.334]","(-1.412, -1.072]"
2023-03-03,-0.5808798761209627,-0.47492504766925214,-1.39731356053535,No Rain,1.7622946040161593,-0.9909072728445977,0,3,4,62,Spring,"(-0.655, -0.253]","(-0.813, -0.303]","(-1.4369999999999998, -1.131]","(1.337, 1.768]","(-1.072, -0.727]"
2023-03-04,0.18109124164312804,-0.5501147253572761,1.0635291970361038,No Rain,1.115567007714351,-0.9018122888935249,0,3,5,63,Spring,"(0.171, 0.444]","(-0.813, -0.303]","(0.838, 1.126]","(1.013, 1.337]","(-1.072, -0.727]"
2023-03-05,-0.6090757681706735,-0.45448210965161373,1.2364031395459876,No Rain,0.412124496418856,1.1810848981038145,0,3,6,64,Spring,"(-0.655, -0.253]","(-0.813, -0.303]","(1.126, 9.43]","(0.334, 0.684]","(1.071, 1.326]"
2023-03-06,-0.8010723669143893,-0.6035889168707567,0.17893462799421003,No Rain,-0.6814039639820194,0.17587013324787562,0,3,0,65,Spring,"(-1.11, -0.655]","(-0.813, -0.303]","(-0.0421, 0.187]","(-1.049, -0.649]","(0.0305, 0.383]"
2023-03-07,-0.4830476111623869,-0.43979320178466874,0.5579030486107549,No Rain,0.442833033342267,0.044460161936878906,0,3,1,66,Spring,"(-0.655, -0.253]","(-0.813, -0.303]","(0.463, 0.838]","(0.334, 0.684]","(0.0305, 0.383]"
2023-03-08,-1.164739389388457,-0.9085554201737205,1.2086862505556777,No Rain,0.10003455295425465,-1.3748987194310585,0,3,2,67,Spring,"(-1.554, -1.11]","(-1.297, -0.813]","(1.126, 9.43]","(0.03, 0.334]","(-1.412, -1.072]"
2023-03-09,-0.2417970744129444,-0.5944399394980541,0.5884118517654747,Rain,-0.25728825616383244,1.2141654844030385,1,3,3,68,Spring,"(-0.253, 0.171]","(-0.813, -0.303]","(0.463, 0.838]","(-0.649, -0.257]","(1.071, 1.326]"
2023-03-10,-1.4122360228038178,-0.989300372135786,-1.0099564554011524,Rain,-1.302707430442005,0.7371623047166883,1,3,4,69,Spring,"(-1.554, -1.11]","(-1.297, -0.813]","(-1.131, -0.858]","(-1.418, -1.049]","(0.725, 1.071]"
2023-03-11,-0.10745952102012336,-0.7730731995525248,0.21107829815181126,Rain,1.3726416818929112,-1.538503519658491,1,3,5,70,Spring,"(-0.253, 0.171]","(-0.813, -0.303]","(0.187, 0.463]","(1.337, 1.768]","(-1.7309999999999999, -1.412]"
2023-03-12,-0.5005921945490719,-1.1472348851143628,0.2987528731720625,No Rain,-0.17340192866043397,0.6851316578443911,0,3,6,71,Spring,"(-0.655, -0.253]","(-1.297, -0.813]","(0.187, 0.463]","(-0.257, 0.03]","(0.383, 0.725]"
2023-03-13,0.17141836462815443,0.08735538168784869,-0.04209132364404484,No Rain,0.029990521317610822,0.11444233347208307,0,3,0,72,Spring,"(-0.253, 0.171]","(-0.303, 0.0874]","(-0.3, -0.0421]","(-0.257, 0.03]","(0.0305, 0.383]"
2023-03-14,-1.6653445769501263,-0.7048210744754171,0.6725678674748409,Rain,-0.46371559027059917,-1.4896762344432102,1,3,1,73,Spring,"(-1.666, -1.554]","(-0.813, -0.303]","(0.463, 0.838]","(-0.649, -0.257]","(-1.7309999999999999, -1.412]"
2023-03-15,-0.6304597324616626,-0.9975925556655043,1.2428828674419892,Rain,-0.29959596582246606,-0.18163251947606474,1,3,2,74,Spring,"(-0.655, -0.253]","(-1.297, -0.813]","(1.126, 9.43]","(-0.649, -0.257]","(-0.244, 0.0305]"
2023-03-16,-0.8543083310960892,-1.341906319048338,1.2175299615714865,No Rain,1.163587158811784,-0.08994658383943764,0,3,3,75,Spring,"(-1.11, -0.655]","(-1.343, -1.297]","(1.126, 9.43]","(1.013, 1.337]","(-0.244, 0.0305]"
2023-03-17,-0.8781787156411681,-1.341906319048338,-0.15040328740084688,No Rain,0.8311619164049743,-1.197729254022509,0,3,4,76,Spring,"(-1.11, -0.655]","(-1.343, -1.297]","(-0.3, -0.0421]","(0.684, 1.013]","(-1.412, -1.072]"
2023-03-18,-0.868789542210674,-1.1426697518492537,-1.123202380107702,No Rain,0.9574820127251606,1.5113549145485612,0,3,5,77,Spring,"(-1.11, -0.655]","(-1.297, -0.813]","(-1.131, -0.858]","(0.684, 1.013]","(1.326, 1.684]"
2023-03-19,-1.6653445769501263,-1.341906319048338,1.388324359730095,No Rain,-1.726289937111199,1.1788594579953633,0,3,6,78,Spring,"(-1.666, -1.554]","(-1.343, -1.297]","(1.126, 9.43]","(-1.755, -1.418]","(1.071, 1.326]"
2023-03-20,-1.5907626137949795,-1.341906319048338,0.9677889035797114,No Rain,-0.2924315155659949,0.5503145649090283,0,3,0,79,Spring,"(-1.666, -1.554]","(-1.343, -1.297]","(0.838, 1.126]","(-0.649, -0.257]","(0.383, 0.725]"
2023-03-21,-1.6653445769501263,-1.341906319048338,-1.0902822637645226,No Rain,-0.061702793757194146,-0.16775606670388538,0,3,1,80,Spring,"(-1.666, -1.554]","(-1.343, -1.297]","(-1.131, -0.858]","(-0.257, 0.03]","(-0.244, 0.0305]"
2023-03-22,-0.9156175040206566,-1.341906319048338,1.2039101641686776,No Rain,-1.6974055142556608,-0.34327335383012675,0,3,2,81,Spring,"(-1.11, -0.655]","(-1.343, -1.297]","(1.126, 9.43]","(-1.755, -1.418]","(-0.727, -0.244]"
2023-03-23,-1.3149864931625501,-1.341906319048338,1.0571105149347289,Rain,-0.8457713775045443,0.4876213626112751,1,3,3,82,Spring,"(-1.554, -1.11]","(-1.343, -1.297]","(0.838, 1.126]","(-1.049, -0.649]","(0.383, 0.725]"
2023-03-24,-1.6653445769501263,-1.341906319048338,0.045535101363399465,Rain,0.9255748060742327,0.12101998131233069,1,3,4,83,Spring,"(-1.666, -1.554]","(-1.343, -1.297]","(-0.0421, 0.187]","(0.684, 1.013]","(0.0305, 0.383]"
2023-03-25,-1.6653445769501263,-1.2967878534368078,0.2542635951893475,Rain,-1.2800581664081931,-1.5572440764719289,1,3,5,84,Spring,"(-1.666, -1.554]","(-1.343, -1.297]","(0.187, 0.463]","(-1.418, -1.049]","(-1.7309999999999999, -1.412]"
2023-03-26,-1.6653445769501263,-1.341906319048338,-0.2997707789587479,Rain,0.1293000016708851,0.006639509266212956,1,3,6,85,Spring,"(-1.666, -1.554]","(-1.343, -1.297]","(-0.593, -0.3]","(0.03, 0.334]","(-0.244, 0.0305]"
2023-03-27,-1.6653445769501263,-1.341906319048338,-1.2917022981623556,No Rain,-1.0036651107721462,1.0275118790852282,0,3,0,86,Spring,"(-1.666, -1.554]","(-1.343, -1.297]","(-1.4369999999999998, -1.131]","(-1.049, -0.649]","(0.725, 1.071]"
2023-03-28,-1.2860775505039708,-1.341906319048338,-0.4836263833699325,Rain,-1.7224338133557502,-0.17837005948526147,1,3,1,87,Spring,"(-1.554, -1.11]","(-1.343, -1.297]","(-0.593, -0.3]","(-1.755, -1.418]","(-0.244, 0.0305]"
2023-03-29,-1.4393017029269606,-1.341906319048338,0.863926186403194,No Rain,-0.9116442942687345,-1.5930787958238704,0,3,2,88,Spring,"(-1.554, -1.11]","(-1.343, -1.297]","(0.838, 1.126]","(-1.049, -0.649]","(-1.7309999999999999, -1.412]"
2023-03-30,-1.0730613812358372,-1.341906319048338,-1.4361509157842165,No Rain,1.6885950228904005,0.9576057364808314,0,3,3,89,Spring,"(-1.11, -0.655]","(-1.343, -1.297]","(-1.4369999999999998, -1.131]","(1.337, 1.768]","(0.725, 1.071]"
2023-03-31,-1.6653445769501263,-1.341906319048338,-0.4885193763360697,Rain,1.0715621018451789,-1.0741091312893394,1,3,4,90,Spring,"(-1.666, -1.554]","(-1.343, -1.297]","(-0.593, -0.3]","(1.013, 1.337]","(-1.412, -1.072]"
2023-04-01,-1.6653445769501263,-1.341906319048338,-0.30217398173512117,No Rain,1.63091435646975,-0.8752253255039003,0,4,5,91,Spring,"(-1.666, -1.554]","(-1.343, -1.297]","(-0.593, -0.3]","(1.337, 1.768]","(-1.072, -0.727]"
2023-04-02,-1.3416471735480062,-1.341906319048338,0.09900871761330161,Rain,-0.038662210972736706,-1.2014396273675498,1,4,6,92,Spring,"(-1.554, -1.11]","(-1.343, -1.297]","(-0.0421, 0.187]","(-0.257, 0.03]","(-1.412, -1.072]"
2023-04-03,-1.2637482768878912,-1.341906319048338,1.2010682355494322,Rain,-1.3769417287044696,-0.6265409757689188,1,4,0,93,Spring,"(-1.554, -1.11]","(-1.343, -1.297]","(1.126, 9.43]","(-1.418, -1.049]","(-0.727, -0.244]"
2023-04-04,-1.5543528294021052,-1.341906319048338,-0.4515012235744573,Rain,0.17407010785779153,0.8550440269246212,1,4,1,94,Spring,"(-1.666, -1.554]","(-1.343, -1.297]","(-0.593, -0.3]","(0.03, 0.334]","(0.725, 1.071]"
2023-04-05,-1.223694058783871,-1.341906319048338,-0.4497515535056498,Rain,-0.1571469506618336,0.03054851402499289,1,4,2,95,Spring,"(-1.554, -1.11]","(-1.343, -1.297]","(-0.593, -0.3]","(-0.257, 0.03]","(-0.244, 0.0305]"
2023-04-06,-1.6233094834372666,-1.341906319048338,0.6756136516840607,No Rain,1.223115620588991,-1.0618910347390353,0,4,3,96,Spring,"(-1.666, -1.554]","(-1.343, -1.297]","(0.463, 0.838]","(1.013, 1.337]","(-1.072, -0.727]"
2023-04-07,-1.5572374589107802,-1.341906319048338,-0.14643093586265252,No Rain,-1.4181875951188305,1.2756134787765268,0,4,4,97,Spring,"(-1.666, -1.554]","(-1.343, -1.297]","(-0.3, -0.0421]","(-1.755, -1.418]","(1.071, 1.326]"
2023-04-08,-1.6653445769501263,-1.341906319048338,-0.8022987238823461,No Rain,-0.03729216518526718,1.281698319333679,0,4,5,98,Spring,"(-1.666, -1.554]","(-1.343, -1.297]","(-0.858, -0.593]","(-0.257, 0.03]","(1.071, 1.326]"
2023-04-09,-1.6653445769501263,-1.341906319048338,-0.14579246622724368,No Rain,-1.2342630684481521,1.2504246802156032,0,4,6,99,Spring,"(-1.666, -1.554]","(-1.343, -1.297]","(-0.3, -0.0421]","(-1.418, -1.049]","(1.071, 1.326]"
2023-04-10,-1.6653445769501263,-1.341906319048338,-1.0436182335459534,No Rain,-0.6162015535763351,-0.9440866514318899,0,4,0,100,Spring,"(-1.666, -1.554]","(-1.343, -1.297]","(-1.131, -0.858]","(-0.649, -0.257]","(-1.072, -0.727]"
2023-04-11,-1.6653445769501263,-1.341906319048338,-0.9412385442659672,Rain,0.8444085128478133,-0.20616011254600833,1,4,1,101,Spring,"(-1.666, -1.554]","(-1.343, -1.297]","(-1.131, -0.858]","(0.684, 1.013]","(-0.244, 0.0305]"
2023-04-12,-1.216272979927044,-1.341906319048338,-0.013450076036296594,Rain,-0.08055328335951727,1.6478349549511435,1,4,2,102,Spring,"(-1.554, -1.11]","(-1.343, -1.297]","(-0.0421, 0.187]","(-0.257, 0.03]","(1.326, 1.684]"
2023-04-13,-1.6572919520217597,-1.2305351900838726,-0.24236333588947398,No Rain,-0.4349447021223974,0.9080533903352361,0,4,3,103,Spring,"(-1.666, -1.554]","(-1.297, -0.813]","(-0.3, -0.0421]","(-0.649, -0.257]","(0.725, 1.071]"
2023-04-14,-1.3162939702116663,-1.3130678886277194,1.1866327278277942,No Rain,-0.3691558715025276,-1.6791845507640122,0,4,4,104,Spring,"(-1.554, -1.11]","(-1.343, -1.297]","(1.126, 9.43]","(-0.649, -0.257]","(-1.7309999999999999, -1.412]"
2023-04-15,-0.6632184004862886,-1.3328752180079515,-0.40525914453271206,No Rain,-0.13920460922548294,-1.5470614886390095,0,4,5,105,Spring,"(-1.11, -0.655]","(-1.343, -1.297]","(-0.593, -0.3]","(-0.257, 0.03]","(-1.7309999999999999, -1.412]"
2023-04-16,-1.6017175988593222,-1.341906319048338,0.22346873077784674,No Rain,1.0130905482938939,-0.162074019540047,0,4,6,106,Spring,"(-1.666, -1.554]","(-1.343, -1.297]","(0.187, 0.463]","(1.013, 1.337]","(-0.244, 0.0305]"
2023-04-17,-1.301471331340485,-1.341906319048338,0.3723730787347907,Rain,1.3920388243235717,1.384647873019511,1,4,0,107,Spring,"(-1.554, -1.11]","(-1.343, -1.297]","(0.187, 0.463]","(1.337, 1.768]","(1.326, 1.684]"
2023-04-18,-0.720820529555368,-1.341906319048338,-1.4117663915273653,No Rain,1.6159007163227805,0.09764290967342326,0,4,1,108,Spring,"(-1.11, -0.655]","(-1.343, -1.297]","(-1.4369999999999998, -1.131]","(1.337, 1.768]","(0.0305, 0.383]"
2023-04-19,-1.452659256015402,-1.3071660212556961,0.46248655143847245,No Rain,1.019768684735335,-0.04438706225082097,0,4,2,109,Spring,"(-1.554, -1.11]","(-1.343, -1.297]","(0.187, 0.463]","(1.013, 1.337]","(-0.244, 0.0305]"
2023-04-20,-1.616565857448309,-1.0241543947264242,-0.9364870030839096,No Rain,-0.6490076077800324,-1.4071857317125,0,4,3,110,Spring,"(-1.666, -1.554]","(-1.297, -0.813]","(-1.131, -0.858]","(-1.049, -0.649]","(-1.412, -1.072]"
2023-04-21,-1.2283216167391358,-1.0562514819267592,1.3198285032327122,No Rain,0.6701948592094759,0.5077908635529842,0,4,4,111,Spring,"(-1.554, -1.11]","(-1.297, -0.813]","(1.126, 9.43]","(0.334, 0.684]","(0.383, 0.725]"
2023-04-22,0.17141836462815443,0.08735538168784869,-0.04209132364404484,Rain,0.029990521317610822,1.0820446359059406,1,4,5,112,Spring,"(-0.253, 0.171]","(-0.303, 0.0874]","(-0.3, -0.0421]","(-0.257, 0.03]","(1.071, 1.326]"
2023-04-23,-0.12244481249843833,-0.7989304682192149,-0.25475761724138957,No Rain,-0.8639726301930521,-0.4521528509742704,0,4,6,113,Spring,"(-0.253, 0.171]","(-0.813, -0.303]","(-0.3, -0.0421]","(-1.049, -0.649]","(-0.727, -0.244]"
2023-04-24,-0.23286299916814776,-0.8333976764996545,-1.203562812753441,No Rain,1.2107793139260987,0.9205559081481177,0,4,0,114,Spring,"(-0.253, 0.171]","(-1.297, -0.813]","(-1.4369999999999998, -1.131]","(1.013, 1.337]","(0.725, 1.071]"
2023-04-25,0.17141836462815443,0.08735538168784869,-0.04209132364404484,Rain,0.029990521317610822,1.5765825282631118,1,4,1,115,Spring,"(-0.253, 0.171]","(-0.303, 0.0874]","(-0.3, -0.0421]","(-0.257, 0.03]","(1.326, 1.684]"
2023-04-26,0.012817505748984685,-0.5799183204778318,-0.002421881017727285,Rain,1.4262898833934707,-1.0657633726235194,1,4,2,116,Spring,"(-0.253, 0.171]","(-0.813, -0.303]","(-0.0421, 0.187]","(1.337, 1.768]","(-1.072, -0.727]"
2023-04-27,-0.012643812927634819,-0.7221845063786294,0.2661053651261356,No Rain,-0.13201732835410174,0.04424730369920368,0,4,3,117,Spring,"(-0.253, 0.171]","(-0.813, -0.303]","(0.187, 0.463]","(-0.257, 0.03]","(0.0305, 0.383]"
2023-04-28,-0.8657578131707072,-0.027638241549969963,-1.256217058984962,No Rain,0.4899259341335638,-0.7761703843433925,0,4,4,118,Spring,"(-1.11, -0.655]","(-0.303, 0.0874]","(-1.4369999999999998, -1.131]","(0.334, 0.684]","(-1.072, -0.727]"
2023-04-29,0.27735117723657887,-0.12060487207905199,0.7115149329327763,Rain,0.5683304958744574,0.9804484000265484,1,4,5,119,Spring,"(0.171, 0.444]","(-0.303, 0.0874]","(0.463, 0.838]","(0.334, 0.684]","(0.725, 1.071]"
2023-04-30,-0.17667418591705328,0.12744307651152606,-0.8446545926937492,Rain,1.4027737608151056,0.23273374426572505,1,4,6,120,Spring,"(-0.253, 0.171]","(0.0874, 0.412]","(-0.858, -0.593]","(1.337, 1.768]","(0.0305, 0.383]"
2023-05-01,0.3066260936458233,-0.3033158108087612,1.1382476554974408,No Rain,0.48804374347599455,0.4306866415820277,0,5,0,121,Spring,"(0.171, 0.444]","(-0.813, -0.303]","(1.126, 9.43]","(0.334, 0.684]","(0.383, 0.725]"
2023-05-02,0.5192724828598271,0.07089517947210912,-0.8583876974753616,Rain,0.4075734513290828,0.9980235355754011,1,5,1,122,Spring,"(0.444, 0.8]","(-0.303, 0.0874]","(-1.131, -0.858]","(0.334, 0.684]","(0.725, 1.071]"
2023-05-03,-0.27391880674492475,-0.49419166375280976,-0.9000309418070985,Rain,-1.5294302903286872,-0.3981379210558291,1,5,2,123,Spring,"(-0.655, -0.253]","(-0.813, -0.303]","(-1.131, -0.858]","(-1.755, -1.418]","(-0.727, -0.244]"
2023-05-04,-0.5092773767276959,0.18633943409167902,-1.3441801396230908,Rain,0.06947805133339607,1.4050369874843907,1,5,3,124,Spring,"(-0.655, -0.253]","(0.0874, 0.412]","(-1.4369999999999998, -1.131]","(0.03, 0.334]","(1.326, 1.684]"
2023-05-05,-0.2538363410238219,0.017329876181758932,-0.08923597886917792,Rain,-1.2338371605711385,0.07793784287988721,1,5,4,125,Spring,"(-0.655, -0.253]","(-0.303, 0.0874]","(-0.3, -0.0421]","(-1.418, -1.049]","(0.0305, 0.383]"
2023-05-06,0.17141836462815443,0.08735538168784869,-0.04209132364404484,Rain,0.029990521317610822,-1.2248912378759045,1,5,5,126,Spring,"(-0.253, 0.171]","(-0.303, 0.0874]","(-0.3, -0.0421]","(-0.257, 0.03]","(-1.412, -1.072]"
2023-05-07,0.7886560124933316,0.49721390112933184,-1.260158487604386,Rain,0.04758346861452778,0.6436717358379334,1,5,6,127,Spring,"(0.444, 0.8]","(0.412, 0.787]","(-1.4369999999999998, -1.131]","(0.03, 0.334]","(0.383, 0.725]"
2023-05-08,0.9275174161282365,-0.18287231638422696,0.7851867311053237,No Rain,0.6422097259441618,0.981861886444612,0,5,0,128,Spring,"(0.8, 0.995]","(-0.303, 0.0874]","(0.463, 0.838]","(0.334, 0.684]","(0.725, 1.071]"
2023-05-09,-0.2872566725139367,-0.13276314578296297,-0.14334515244067195,Rain,-1.6178394246681504,-0.6732716550224745,1,5,1,129,Spring,"(-0.655, -0.253]","(-0.303, 0.0874]","(-0.3, -0.0421]","(-1.755, -1.418]","(-0.727, -0.244]"
2023-05-10,0.5438731642015272,0.5505491134301194,0.061533815181034776,Rain,-1.4652271379281299,1.203882334644019,1,5,2,130,Spring,"(0.444, 0.8]","(0.412, 0.787]","(-0.0421, 0.187]","(-1.755, -1.418]","(1.071, 1.326]"
2023-05-11,0.47249164855469555,0.6800510055997213,-0.17943910685925965,Rain,0.7699635852681299,1.3739600063771795,1,5,3,131,Spring,"(0.444, 0.8]","(0.412, 0.787]","(-0.3, -0.0421]","(0.684, 1.013]","(1.326, 1.684]"
2023-05-12,0.24524966057686753,0.8581787172441943,-0.29469830569568567,Rain,-1.5102036661154448,-0.8117166009705219,1,5,4,132,Spring,"(0.171, 0.444]","(0.787, 1.027]","(-0.3, -0.0421]","(-1.755, -1.418]","(-1.072, -0.727]"
2023-05-13,0.15611669056844252,0.8662748546246168,0.16310695994105903,Rain,-1.5131328353186495,1.6427351830758914,1,5,5,133,Spring,"(-0.253, 0.171]","(0.787, 1.027]","(-0.0421, 0.187]","(-1.755, -1.418]","(1.326, 1.684]"
2023-05-14,0.547187976365415,1.129030834763342,-1.0021729319234656,Rain,-1.7224773448826523,-1.2847862538888182,1,5,6,134,Spring,"(0.444, 0.8]","(1.027, 1.297]","(-1.131, -0.858]","(-1.755, -1.418]","(-1.412, -1.072]"
2023-05-15,1.351192222546447,0.9854748805575647,-0.9252717235311599,No Rain,1.6200300810663446,-1.0718447880269462,0,5,0,135,Spring,"(0.995, 1.351]","(0.787, 1.027]","(-1.131, -0.858]","(1.337, 1.768]","(-1.412, -1.072]"
2023-05-16,0.6427732053083116,0.8239913444349282,1.0337393936273636,Rain,0.8449439482943034,-1.1336416784053078,1,5,1,136,Spring,"(0.444, 0.8]","(0.787, 1.027]","(0.838, 1.126]","(0.684, 1.013]","(-1.412, -1.072]"
2023-05-17,0.9921269804893117,0.8974088728123296,1.2767360489066721,Rain,-0.5150638203770571,1.3317443644771179,1,5,2,137,Spring,"(0.8, 0.995]","(0.787, 1.027]","(1.126, 9.43]","(-0.649, -0.257]","(1.326, 1.684]"
2023-05-18,1.321275598707102,0.8961795553310805,-0.3738063417480074,No Rain,-0.7157992018090039,0.4991502880345035,0,5,3,138,Spring,"(0.995, 1.351]","(0.787, 1.027]","(-0.593, -0.3]","(-1.049, -0.649]","(0.383, 0.725]"
2023-05-19,0.8574554288808109,1.1015238951087707,-0.6693466261950437,Rain,-0.5276219553986077,-1.2452132336514403,1,5,4,139,Spring,"(0.8, 0.995]","(1.027, 1.297]","(-0.858, -0.593]","(-0.649, -0.257]","(-1.412, -1.072]"
2023-05-20,1.351192222546447,0.7770796800797276,0.4061882472873073,No Rain,0.9764125449845696,-0.24407685406412807,0,5,5,140,Spring,"(0.995, 1.351]","(0.412, 0.787]","(0.187, 0.463]","(0.684, 1.013]","(-0.727, -0.244]"
2023-05-21,0.17141836462815443,0.08735538168784869,-0.04209132364404484,Rain,0.029990521317610822,0.36370182164394393,1,5,6,141,Spring,"(-0.253, 0.171]","(-0.303, 0.0874]","(-0.3, -0.0421]","(-0.257, 0.03]","(0.0305, 0.383]"
2023-05-22,0.8124218877363615,1.1309121399274973,-1.3763472525623672,No Rain,-1.109866980773907,-1.483636680166194,0,5,0,142,Spring,"(0.8, 0.995]","(1.027, 1.297]","(-1.4369999999999998, -1.131]","(-1.418, -1.049]","(-1.7309999999999999, -1.412]"
2023-05-23,1.2166455766794737,1.263713271781704,-0.999543988902636,Rain,-1.1491046896381207,1.291544072765707,1,5,1,143,Spring,"(0.995, 1.351]","(1.027, 1.297]","(-1.131, -0.858]","(-1.418, -1.049]","(1.071, 1.326]"
2023-05-24,0.9506847256995842,1.2966403917552631,0.6135777270017934,Rain,-1.4170795444388962,1.0177857249016211,1,5,2,144,Spring,"(0.8, 0.995]","(1.027, 1.297]","(0.463, 0.838]","(-1.418, -1.049]","(0.725, 1.071]"
2023-05-25,0.9528540294649024,0.5953220331894792,0.44919294065528576,No Rain,0.5716885924856907,-0.018702895823003378,0,5,3,145,Spring,"(0.8, 0.995]","(0.412, 0.787]","(0.187, 0.463]","(0.334, 0.684]","(-0.244, 0.0305]"
2023-05-26,0.6013004402745916,1.033340152328916,-1.371420929577444,Rain,0.940025274386814,1.5857872353656128,1,5,4,146,Spring,"(0.444, 0.8]","(1.027, 1.297]","(-1.4369999999999998, -1.131]","(0.684, 1.013]","(1.326, 1.684]"
2023-05-27,1.351192222546447,1.2646076448131813,-0.8098847433826314,No Rain,-0.8272493461757746,-0.32244805095577517,0,5,5,147,Spring,"(0.995, 1.351]","(1.027, 1.297]","(-0.858, -0.593]","(-1.049, -0.649]","(-0.727, -0.244]"
2023-05-28,1.336663621795913,1.2940872213284687,-0.7836554780828947,Rain,-1.6912022064618115,1.6447805555107082,1,5,6,148,Spring,"(0.995, 1.351]","(1.027, 1.297]","(-0.858, -0.593]","(-1.755, -1.418]","(1.326, 1.684]"
2023-05-29,0.666439344334617,1.389125160993135,0.48656257626050636,Rain,-1.4745013863239054,0.5464855644510307,1,5,0,149,Spring,"(0.444, 0.8]","(1.297, 1.863]","(0.463, 0.838]","(-1.755, -1.418]","(0.383, 0.725]"
2023-05-30,1.0152646499593454,1.4071792862386043,-1.392702136537107,Rain,1.6602319145139683,0.430995284092523,1,5,1,150,Spring,"(0.995, 1.351]","(1.297, 1.863]","(-1.4369999999999998, -1.131]","(1.337, 1.768]","(0.383, 0.725]"
2023-05-31,1.351192222546447,1.7335478570943772,-1.1495089538196765,Rain,-0.719659904009241,-1.1971027859557473,1,5,2,151,Spring,"(0.995, 1.351]","(1.297, 1.863]","(-1.4369999999999998, -1.131]","(-1.049, -0.649]","(-1.412, -1.072]"
2023-06-01,0.9563146227266232,1.4098792513697305,0.855462166674335,Rain,0.9571926882844712,1.289846873344876,1,6,3,152,Summer,"(0.8, 0.995]","(1.297, 1.863]","(0.838, 1.126]","(0.684, 1.013]","(1.071, 1.326]"
2023-06-02,0.8073359274265173,1.23626007438795,-0.9350211965939615,Rain,0.4455502834709431,-0.28865513798177855,1,6,4,153,Summer,"(0.8, 0.995]","(1.027, 1.297]","(-1.131, -0.858]","(0.334, 0.684]","(-0.727, -0.244]"
2023-06-03,1.3167148673397078,0.8818526493161589,0.43139149583940367,Rain,-0.41352703063934126,-1.210029472923053,1,6,5,154,Summer,"(0.995, 1.351]","(0.787, 1.027]","(0.187, 0.463]","(-0.649, -0.257]","(-1.412, -1.072]"
2023-06-04,1.351192222546447,0.9281301179178869,-0.7631738024827909,No Rain,-1.0373403461612254,-1.7297587321659011,0,6,6,155,Summer,"(0.995, 1.351]","(0.787, 1.027]","(-0.858, -0.593]","(-1.049, -0.649]","(-1.7309999999999999, -1.412]"
2023-06-05,0.9107493402298606,1.417039252365612,-1.1629574716423392,No Rain,-1.3357078903505868,0.17077410854720546,0,6,0,156,Summer,"(0.8, 0.995]","(1.297, 1.863]","(-1.4369999999999998, -1.131]","(-1.418, -1.049]","(0.0305, 0.383]"
2023-06-06,1.351192222546447,1.5334050581871406,-0.7487968048005209,Rain,0.4113937326301568,0.05838451905266108,1,6,1,157,Summer,"(0.995, 1.351]","(1.297, 1.863]","(-0.858, -0.593]","(0.334, 0.684]","(0.0305, 0.383]"
2023-06-07,1.351192222546447,1.6338353615581405,0.6317159299993004,Rain,0.9763426415192342,0.7251415432060635,1,6,2,158,Summer,"(0.995, 1.351]","(1.297, 1.863]","(0.463, 0.838]","(0.684, 1.013]","(0.383, 0.725]"
2023-06-08,0.8250825666174683,0.9690118334556054,1.0161934837775628,Rain,0.51364919640805,1.318782360524792,1,6,3,159,Summer,"(0.8, 0.995]","(0.787, 1.027]","(0.838, 1.126]","(0.334, 0.684]","(1.071, 1.326]"
2023-06-09,1.351192222546447,1.072841037361776,0.9427825847921409,Rain,0.11157510054626078,-1.4977305091719137,1,6,4,160,Summer,"(0.995, 1.351]","(1.027, 1.297]","(0.838, 1.126]","(0.03, 0.334]","(-1.7309999999999999, -1.412]"
2023-06-10,0.9497040498722157,1.1786775129877516,-0.3050127342696529,Rain,-1.6168543515054175,0.7673200990203282,1,6,5,161,Summer,"(0.8, 0.995]","(1.027, 1.297]","(-0.593, -0.3]","(-1.755, -1.418]","(0.725, 1.071]"
2023-06-11,1.3074168416159386,1.616895809639738,0.4755909467619508,Rain,1.66245723541314,-1.1225711899075737,1,6,6,162,Summer,"(0.995, 1.351]","(1.297, 1.863]","(0.463, 0.838]","(1.337, 1.768]","(-1.412, -1.072]"
2023-06-12,1.2645372334414164,1.0532896861646823,-0.8588353246853266,Rain,1.0615708878113845,1.207348204573485,1,6,0,163,Summer,"(0.995, 1.351]","(1.027, 1.297]","(-1.131, -0.858]","(1.013, 1.337]","(1.071, 1.326]"
2023-06-13,1.069026343956646,1.385818485094768,-0.6047921591728661,No Rain,-0.7289426191879973,1.0714863468820957,0,6,1,164,Summer,"(0.995, 1.351]","(1.297, 1.863]","(-0.858, -0.593]","(-1.049, -0.649]","(0.725, 1.071]"
2023-06-14,0.3458326866216308,0.9624589170883764,1.1332958770983643,Rain,1.7030941049796893,0.10490937478525134,1,6,2,165,Summer,"(0.171, 0.444]","(0.787, 1.027]","(1.126, 9.43]","(1.337, 1.768]","(0.0305, 0.383]"
2023-06-15,1.351192222546447,1.1673009571551458,0.9720637409036287,Rain,0.3649176009782795,0.6934948688957293,1,6,3,166,Summer,"(0.995, 1.351]","(1.027, 1.297]","(0.838, 1.126]","(0.334, 0.684]","(0.383, 0.725]"
2023-06-16,0.5818406070655636,1.0726243966229339,-1.2031050492540567,Rain,0.29604624328994045,-0.6816482825303181,1,6,4,167,Summer,"(0.444, 0.8]","(1.027, 1.297]","(-1.4369999999999998, -1.131]","(0.03, 0.334]","(-0.727, -0.244]"
2023-06-17,0.3192936572659423,0.7790379696866949,-0.8504733202177623,Rain,0.8823362119833434,-0.13693777883613317,1,6,5,168,Summer,"(0.171, 0.444]","(0.412, 0.787]","(-0.858, -0.593]","(0.684, 1.013]","(-0.244, 0.0305]"
2023-06-18,0.03682740229714248,0.395633541201954,-1.3730454879718759,Rain,1.107778802938972,1.0804250600885763,1,6,6,169,Summer,"(-0.253, 0.171]","(0.0874, 0.412]","(-1.4369999999999998, -1.131]","(1.013, 1.337]","(1.071, 1.326]"
2023-06-19,0.8014766225516674,0.527133918019883,-0.926691426616229,Rain,0.5581538404966988,-0.17828211130342858,1,6,0,170,Summer,"(0.8, 0.995]","(0.412, 0.787]","(-1.131, -0.858]","(0.334, 0.684]","(-0.244, 0.0305]"
2023-06-20,0.8648727385604884,0.925125678253706,0.2305376637302639,Rain,-1.3119614403226012,-0.5307300386293815,1,6,1,171,Summer,"(0.8, 0.995]","(0.787, 1.027]","(0.187, 0.463]","(-1.418, -1.049]","(-0.727, -0.244]"
2023-06-21,-0.2014519543405741,0.6881749583479092,-0.23516216964143408,Rain,-0.5680966250265356,-0.05689196348769218,1,6,2,172,Summer,"(-0.253, 0.171]","(0.412, 0.787]","(-0.3, -0.0421]","(-0.649, -0.257]","(-0.244, 0.0305]"
2023-06-22,0.4746314262582079,0.2622244694927561,1.1227377420220395,No Rain,1.5194505820726651,1.1033932397284354,0,6,3,173,Summer,"(0.444, 0.8]","(0.0874, 0.412]","(0.838, 1.126]","(1.337, 1.768]","(1.071, 1.326]"
2023-06-23,-0.029078902886675632,0.20911534868407403,0.9059676351499215,No Rain,-0.9703468864314725,-0.6091977260910828,0,6,4,174,Summer,"(-0.253, 0.171]","(0.0874, 0.412]","(0.838, 1.126]","(-1.049, -0.649]","(-0.727, -0.244]"
2023-06-24,0.5279639226769425,-0.2407822736483634,-0.4645505191344058,No Rain,-0.4481154314374577,-1.1699860256196624,0,6,5,175,Summer,"(0.444, 0.8]","(-0.303, 0.0874]","(-0.593, -0.3]","(-0.649, -0.257]","(-1.412, -1.072]"
2023-06-25,-0.2578504152496399,0.5267368865418013,-0.7019688077046277,Rain,-0.23607535356200265,0.6996472518274245,1,6,6,176,Summer,"(-0.655, -0.253]","(0.412, 0.787]","(-0.858, -0.593]","(-0.257, 0.03]","(0.383, 0.725]"
2023-06-26,0.4444958126961894,0.2960773270852184,-0.35541344596634544,Rain,-0.2101388491339586,1.0955047263888609,1,6,0,177,Summer,"(0.171, 0.444]","(0.0874, 0.412]","(-0.593, -0.3]","(-0.257, 0.03]","(1.071, 1.326]"
2023-06-27,-0.09196451493346404,-0.059639634611895885,0.2514383014110257,Rain,0.4040553606352394,-1.4239844679031488,1,6,1,178,Summer,"(-0.253, 0.171]","(-0.303, 0.0874]","(0.187, 0.463]","(0.334, 0.684]","(-1.7309999999999999, -1.412]"
2023-06-28,0.6592868420530522,-0.052755993869000206,-0.6770720277606938,Rain,1.572512745055149,-0.9403425340297761,1,6,2,179,Summer,"(0.444, 0.8]","(-0.303, 0.0874]","(-0.858, -0.593]","(1.337, 1.768]","(-1.072, -0.727]"
2023-06-29,-0.624855213745191,-0.7695699349274561,0.34898859007415317,Rain,-0.9134449076180188,-1.2804080085840661,1,6,3,180,Summer,"(-0.655, -0.253]","(-0.813, -0.303]","(0.187, 0.463]","(-1.049, -0.649]","(-1.412, -1.072]"
2023-06-30,-0.39679077756942194,-0.40366998151169026,-0.2697773674521107,Rain,-1.3353010168636181,-0.5649680668076968,1,6,4,181,Summer,"(-0.655, -0.253]","(-0.813, -0.303]","(-0.3, -0.0421]","(-1.418, -1.049]","(-0.727, -0.244]"
2023-07-01,-0.8189985197524784,-0.0011813025001622787,0.14122727726419715,Rain,-1.0664221212130873,-0.209245871565061,1,7,5,182,Summer,"(-1.11, -0.655]","(-0.303, 0.0874]","(-0.0421, 0.187]","(-1.418, -1.049]","(-0.244, 0.0305]"
2023-07-02,0.3258188088016263,-0.1790533866181785,-0.1927983804484179,Rain,1.373776688163538,0.8275157550030844,1,7,6,183,Summer,"(0.171, 0.444]","(-0.303, 0.0874]","(-0.3, -0.0421]","(1.337, 1.768]","(0.725, 1.071]"
2023-07-03,0.17610768523243903,-0.4360346986577604,-0.6009942543912863,No Rain,0.5203971165175398,0.4882261649068079,0,7,0,184,Summer,"(0.171, 0.444]","(-0.813, -0.303]","(-0.858, -0.593]","(0.334, 0.684]","(0.383, 0.725]"
2023-07-04,-0.8357518042122378,-0.6107632558861559,1.2834725548261394,No Rain,-0.7534178830626462,0.3832596516236606,0,7,1,185,Summer,"(-1.11, -0.655]","(-0.813, -0.303]","(1.126, 9.43]","(-1.049, -0.649]","(0.0305, 0.383]"
2023-07-05,-0.30614588308576984,-0.47571959368795175,0.7508339686380865,No Rain,1.1225630706835035,-0.5495680719255281,0,7,2,186,Summer,"(-0.655, -0.253]","(-0.813, -0.303]","(0.463, 0.838]","(1.013, 1.337]","(-0.727, -0.244]"
2023-07-06,-0.14470052454064766,-0.8439810072185067,-1.0457616237230258,No Rain,1.2833297419952756,1.149237867359741,0,7,3,187,Summer,"(-0.253, 0.171]","(-1.297, -0.813]","(-1.131, -0.858]","(1.013, 1.337]","(1.071, 1.326]"
2023-07-07,-0.6143335912076764,-1.2924748943607074,1.0529946165084858,Rain,1.2307508366718918,-0.13652349683665344,1,7,4,188,Summer,"(-0.655, -0.253]","(-1.297, -0.813]","(0.838, 1.126]","(1.013, 1.337]","(-0.244, 0.0305]"
2023-07-08,-0.7258231726041421,-0.9270699784340758,-0.04496384371302549,No Rain,1.4870406641748333,1.6273942392565168,0,7,5,189,Summer,"(-1.11, -0.655]","(-1.297, -0.813]","(-0.3, -0.0421]","(1.337, 1.768]","(1.326, 1.684]"
2023-07-09,-1.2311717338471941,-0.8934758550582478,1.1281564532124027,No Rain,-0.8725717652598544,0.4291573205718096,0,7,6,190,Summer,"(-1.554, -1.11]","(-1.297, -0.813]","(1.126, 9.43]","(-1.049, -0.649]","(0.383, 0.725]"
2023-07-10,-1.5249206143393876,-0.7750371208256437,0.8552868865263629,Rain,0.9070008359676216,-1.334967528321511,1,7,0,191,Summer,"(-1.554, -1.11]","(-0.813, -0.303]","(0.838, 1.126]","(0.684, 1.013]","(-1.412, -1.072]"
2023-07-11,-0.3794300473813383,-1.341906319048338,-0.2242442892467244,Rain,-0.13533709363197424,0.575168417149061,1,7,1,192,Summer,"(-0.655, -0.253]","(-1.343, -1.297]","(-0.3, -0.0421]","(-0.257, 0.03]","(0.383, 0.725]"
2023-07-12,-0.43967619676459574,-1.2483367524810987,-1.3847527320172264,No Rain,1.2147680320546803,-0.6442943339193269,0,7,2,193,Summer,"(-0.655, -0.253]","(-1.297, -0.813]","(-1.4369999999999998, -1.131]","(1.013, 1.337]","(-0.727, -0.244]"
2023-07-13,-0.9055075143738269,-1.3021756533411493,-0.6753035961369062,Rain,0.8130274977282863,0.6104234269980916,1,7,3,194,Summer,"(-1.11, -0.655]","(-1.343, -1.297]","(-0.858, -0.593]","(0.684, 1.013]","(0.383, 0.725]"
2023-07-14,-1.4090910055394372,-1.341906319048338,0.11122228825475511,Rain,0.9827617828148311,-1.5316509972003907,1,7,4,195,Summer,"(-1.554, -1.11]","(-1.343, -1.297]","(-0.0421, 0.187]","(0.684, 1.013]","(-1.7309999999999999, -1.412]"
2023-07-15,-1.4510154241095594,-1.2764694288498573,0.37587102666314703,No Rain,0.5570326917851587,-1.1660962193180904,0,7,5,196,Summer,"(-1.554, -1.11]","(-1.297, -0.813]","(0.187, 0.463]","(0.334, 0.684]","(-1.412, -1.072]"
2023-07-16,-0.9371362237221943,-1.2648615361174294,-0.706394069532837,No Rain,-1.1373561547038875,1.1988735181772188,0,7,6,197,Summer,"(-1.11, -0.655]","(-1.297, -0.813]","(-0.858, -0.593]","(-1.418, -1.049]","(1.071, 1.326]"
2023-07-17,-0.7302720165570884,-1.341906319048338,-1.0479432142112135,Rain,0.16369080807771758,-0.984437391090506,1,7,0,198,Summer,"(-1.11, -0.655]","(-1.343, -1.297]","(-1.131, -0.858]","(0.03, 0.334]","(-1.072, -0.727]"
2023-07-18,-0.7934607229862752,-1.0211771723719614,0.9563555345613806,Rain,1.7197268147265152,1.1339320299654365,1,7,1,199,Summer,"(-1.11, -0.655]","(-1.297, -0.813]","(0.838, 1.126]","(1.337, 1.768]","(1.071, 1.326]"
2023-07-19,-0.9998890509535142,-1.341906319048338,1.3870593274820349,Rain,1.5523819105604644,-0.8034787852736169,1,7,2,200,Summer,"(-1.11, -0.655]","(-1.343, -1.297]","(1.126, 9.43]","(1.337, 1.768]","(-1.072, -0.727]"
2023-07-20,-1.2490530834504165,-1.341906319048338,0.06527951778060426,No Rain,-1.6125274907679166,0.45951513653280346,0,7,3,201,Summer,"(-1.554, -1.11]","(-1.343, -1.297]","(-0.0421, 0.187]","(-1.755, -1.418]","(0.383, 0.725]"
2023-07-21,-1.6653445769501263,-1.341906319048338,-0.9548037958866992,No Rain,-1.18200095563125,0.6375981222017627,0,7,4,202,Summer,"(-1.666, -1.554]","(-1.343, -1.297]","(-1.131, -0.858]","(-1.418, -1.049]","(0.383, 0.725]"
2023-07-22,-1.6653445769501263,-1.341906319048338,-0.6648438364513378,No Rain,-1.2991030000220136,0.007167847618731837,0,7,5,203,Summer,"(-1.666, -1.554]","(-1.343, -1.297]","(-0.858, -0.593]","(-1.418, -1.049]","(-0.244, 0.0305]"
2023-07-23,-0.9640393449683817,-1.341906319048338,-1.3965053200181734,No Rain,0.8041410927937414,-0.7130469914103985,0,7,6,204,Summer,"(-1.11, -0.655]","(-1.343, -1.297]","(-1.4369999999999998, -1.131]","(0.684, 1.013]","(-0.727, -0.244]"
2023-07-24,-1.431001079605026,-1.341906319048338,1.1850562735892594,Rain,1.1290697217245684,-1.0349257048786749,1,7,0,205,Summer,"(-1.554, -1.11]","(-1.343, -1.297]","(1.126, 9.43]","(1.013, 1.337]","(-1.072, -0.727]"
2023-07-25,-1.6653445769501263,-1.341906319048338,-1.1101980521783945,No Rain,-1.0096483490406716,-1.6582672145991846,0,7,1,206,Summer,"(-1.666, -1.554]","(-1.343, -1.297]","(-1.131, -0.858]","(-1.049, -0.649]","(-1.7309999999999999, -1.412]"
2023-07-26,-1.6653445769501263,-1.341906319048338,0.21173561311540695,No Rain,0.025040742062370662,-0.7177858363524433,0,7,2,207,Summer,"(-1.666, -1.554]","(-1.343, -1.297]","(0.187, 0.463]","(-0.257, 0.03]","(-0.727, -0.244]"
2023-07-27,-1.4001707384726876,-1.341906319048338,-0.6598072748863557,No Rain,1.210182756771121,0.4952260321680572,0,7,3,208,Summer,"(-1.554, -1.11]","(-1.343, -1.297]","(-0.858, -0.593]","(1.013, 1.337]","(0.383, 0.725]"
2023-07-28,-1.6653445769501263,-1.341906319048338,0.14736724539915166,No Rain,0.8282850315670888,1.485674002780863,0,7,4,209,Summer,"(-1.666, -1.554]","(-1.343, -1.297]","(-0.0421, 0.187]","(0.684, 1.013]","(1.326, 1.684]"
2023-07-29,-1.6653445769501263,-1.341906319048338,0.42757143167158146,Rain,0.1538171235709293,1.2525993056282005,1,7,5,210,Summer,"(-1.666, -1.554]","(-1.343, -1.297]","(0.187, 0.463]","(0.03, 0.334]","(1.071, 1.326]"
2023-07-30,-1.5918409424485156,-1.341906319048338,0.9414050511883072,Rain,0.32409545723963096,0.8873939063065804,1,7,6,211,Summer,"(-1.666, -1.554]","(-1.343, -1.297]","(0.838, 1.126]","(0.03, 0.334]","(0.725, 1.071]"
2023-07-31,-1.3738480847841574,-1.341906319048338,-0.8546946736315648,No Rain,0.03391683621200845,0.9651403120008808,0,7,0,212,Summer,"(-1.554, -1.11]","(-1.343, -1.297]","(-0.858, -0.593]","(0.03, 0.334]","(0.725, 1.071]"
2023-08-01,-1.427883759149857,-1.341906319048338,-1.4178135933346554,Rain,-0.7122143320815759,0.5362904373698257,1,8,1,213,Summer,"(-1.554, -1.11]","(-1.343, -1.297]","(-1.4369999999999998, -1.131]","(-1.049, -0.649]","(0.383, 0.725]"
2023-08-02,-1.6653445769501263,-1.341906319048338,-1.0550618049977876,Rain,0.2344597449983439,-0.8694383540341392,1,8,2,214,Summer,"(-1.666, -1.554]","(-1.343, -1.297]","(-1.131, -0.858]","(0.03, 0.334]","(-1.072, -0.727]"
2023-08-03,-1.3123620790365578,-1.341906319048338,1.143907942039497,Rain,0.6728514574545228,1.3776133764292362,1,8,3,215,Summer,"(-1.554, -1.11]","(-1.343, -1.297]","(1.126, 9.43]","(0.334, 0.684]","(1.326, 1.684]"
2023-08-04,-1.6653445769501263,-1.341906319048338,1.0686184164775394,Rain,1.325634932140165,0.5562542043991788,1,8,4,216,Summer,"(-1.666, -1.554]","(-1.343, -1.297]","(0.838, 1.126]","(1.013, 1.337]","(0.383, 0.725]"
2023-08-05,0.17141836462815443,0.08735538168784869,-0.04209132364404484,No Rain,0.029990521317610822,0.1731532902829584,0,8,5,217,Summer,"(-0.253, 0.171]","(-0.303, 0.0874]","(-0.3, -0.0421]","(-0.257, 0.03]","(0.0305, 0.383]"
2023-08-06,-1.193390835962029,-1.341906319048338,0.2808927843298441,No Rain,0.9285185066139015,-1.3880265691480815,0,8,6,218,Summer,"(-1.554, -1.11]","(-1.343, -1.297]","(0.187, 0.463]","(0.684, 1.013]","(-1.412, -1.072]"
2023-08-07,-1.3092613495021233,-1.1034622366607714,0.46680679555481375,Rain,-1.1987885835088021,-0.22069264786079157,1,8,0,219,Summer,"(-1.554, -1.11]","(-1.297, -0.813]","(0.463, 0.838]","(-1.418, -1.049]","(-0.244, 0.0305]"
2023-08-08,-0.9742305271040196,-1.341906319048338,-0.9441653091569775,No Rain,-0.1317341481993258,-0.1744852913068278,0,8,1,220,Summer,"(-1.11, -0.655]","(-1.343, -1.297]","(-1.131, -0.858]","(-0.257, 0.03]","(-0.244, 0.0305]"
2023-08-09,-1.22555238225962,-1.341906319048338,1.1853822849605513,Rain,-1.7323055208406204,1.2295320679542137,1,8,2,221,Summer,"(-1.554, -1.11]","(-1.343, -1.297]","(1.126, 9.43]","(-1.755, -1.418]","(1.071, 1.326]"
2023-08-10,-1.3189887847910395,-1.341906319048338,-0.2428097515609822,Rain,-0.8922580061413405,0.1252450061930099,1,8,3,222,Summer,"(-1.554, -1.11]","(-1.343, -1.297]","(-0.3, -0.0421]","(-1.049, -0.649]","(0.0305, 0.383]"
2023-08-11,-1.6653445769501263,-1.341906319048338,-0.3454834420371298,No Rain,0.8058463546375113,-0.4522204406900894,0,8,4,223,Summer,"(-1.666, -1.554]","(-1.343, -1.297]","(-0.593, -0.3]","(0.684, 1.013]","(-0.727, -0.244]"
2023-08-12,-1.5287409468909245,-1.341906319048338,0.04576460773310313,Rain,1.7449982991527022,1.619389120462009,1,8,5,224,Summer,"(-1.554, -1.11]","(-1.343, -1.297]","(-0.0421, 0.187]","(1.337, 1.768]","(1.326, 1.684]"
2023-08-13,-1.632075883067219,-1.341906319048338,-1.314165547326687,No Rain,-1.4143102050571645,-1.3889605162716716,0,8,6,225,Summer,"(-1.666, -1.554]","(-1.343, -1.297]","(-1.4369999999999998, -1.131]","(-1.418, -1.049]","(-1.412, -1.072]"
2023-08-14,-1.6097153214128546,-1.1480299226561714,-0.9703521449427267,No Rain,-0.3443168016739669,-0.3058187269042141,0,8,0,226,Summer,"(-1.666, -1.554]","(-1.297, -0.813]","(-1.131, -0.858]","(-0.649, -0.257]","(-0.727, -0.244]"
2023-08-15,-0.45287785359679644,-1.341906319048338,0.6771476723652045,Rain,1.0663729540235773,-1.6275775073301497,1,8,1,227,Summer,"(-0.655, -0.253]","(-1.343, -1.297]","(0.463, 0.838]","(1.013, 1.337]","(-1.7309999999999999, -1.412]"
2023-08-16,-1.2674975600858607,-1.2608394312866908,-1.2109135262931332,Rain,-1.0431859823065452,0.7965242137363638,1,8,2,228,Summer,"(-1.554, -1.11]","(-1.297, -0.813]","(-1.4369999999999998, -1.131]","(-1.049, -0.649]","(0.725, 1.071]"
2023-08-17,-0.4523026686688383,-0.8085795590263856,0.2884862612328839,Rain,0.19928938203907326,1.4154106136831153,1,8,3,229,Summer,"(-0.655, -0.253]","(-0.813, -0.303]","(0.187, 0.463]","(0.03, 0.334]","(1.326, 1.684]"
2023-08-18,-0.7807457774063276,-1.341906319048338,-0.7425240079888297,No Rain,0.8292397672275686,-0.8008345952737601,0,8,4,230,Summer,"(-1.11, -0.655]","(-1.343, -1.297]","(-0.858, -0.593]","(0.684, 1.013]","(-1.072, -0.727]"
2023-08-19,-0.4665558040555147,-1.2913011803784036,-0.32774178340280236,Rain,0.4148356570314876,1.207920028914082,1,8,5,231,Summer,"(-0.655, -0.253]","(-1.297, -0.813]","(-0.593, -0.3]","(0.334, 0.684]","(1.071, 1.326]"
2023-08-20,-0.8378382575471759,-1.2426917852312869,-0.6176263529340091,Rain,-1.0998536583174259,-0.7585239310897871,1,8,6,232,Summer,"(-1.11, -0.655]","(-1.297, -0.813]","(-0.858, -0.593]","(-1.418, -1.049]","(-1.072, -0.727]"
2023-08-21,-0.6545525039729405,-0.975328202641431,-0.4246262497256915,Rain,-0.5075138868901183,1.3900316832224064,1,8,0,233,Summer,"(-1.11, -0.655]","(-1.297, -0.813]","(-0.593, -0.3]","(-0.649, -0.257]","(1.326, 1.684]"
2023-08-22,-0.7088765569538543,-0.8606749429884598,0.6224345333154848,Rain,1.0087557347560727,0.8453542742393645,1,8,1,234,Summer,"(-1.11, -0.655]","(-1.297, -0.813]","(0.463, 0.838]","(0.684, 1.013]","(0.725, 1.071]"
2023-08-23,-1.08281211590868,-1.0522502848699498,-0.5933411100743768,No Rain,0.19625110648528066,1.0223125665222104,0,8,2,235,Summer,"(-1.11, -0.655]","(-1.297, -0.813]","(-0.858, -0.593]","(0.03, 0.334]","(0.725, 1.071]"
2023-08-24,-0.21192726827690636,-0.8631556172215024,0.1825983337856229,No Rain,-1.746823827925843,-1.7110050467944162,0,8,3,236,Summer,"(-0.253, 0.171]","(-1.297, -0.813]","(-0.0421, 0.187]","(-1.755, -1.418]","(-1.7309999999999999, -1.412]"
2023-08-25,-0.8013169284824301,-0.8133253757285066,-0.07775763696501943,Rain,0.9280556450937442,1.5707946045305796,1,8,4,237,Summer,"(-1.11, -0.655]","(-1.297, -0.813]","(-0.3, -0.0421]","(0.684, 1.013]","(1.326, 1.684]"
2023-08-26,-1.1104805335497918,-0.6180291580886969,0.46287207731080365,Rain,-1.640354961471659,0.7505586100049564,1,8,5,238,Summer,"(-1.554, -1.11]","(-0.813, -0.303]","(0.187, 0.463]","(-1.755, -1.418]","(0.725, 1.071]"
2023-08-27,-0.09532188826707932,-0.38290215373888215,1.249979214618399,Rain,0.8740563417668941,-0.7149907110981815,1,8,6,239,Summer,"(-0.253, 0.171]","(-0.813, -0.303]","(1.126, 9.43]","(0.684, 1.013]","(-0.727, -0.244]"
2023-08-28,-0.7230166050402235,-0.11438048401058676,0.6614102906195124,No Rain,-1.0486898862598115,1.1073718584427859,0,8,0,240,Summer,"(-1.11, -0.655]","(-0.303, 0.0874]","(0.463, 0.838]","(-1.418, -1.049]","(1.071, 1.326]"
2023-08-29,0.5072535869755225,0.008139167973059754,-0.8301468452685793,Rain,1.6255941794716604,-0.7956803396342902,1,8,1,241,Summer,"(0.444, 0.8]","(-0.303, 0.0874]","(-0.858, -0.593]","(1.337, 1.768]","(-1.072, -0.727]"
2023-08-30,0.6065066202057108,-0.015276377991269643,-1.3596438177270753,No Rain,-0.4630735563754493,1.2579810369983375,0,8,2,242,Summer,"(0.444, 0.8]","(-0.303, 0.0874]","(-1.4369999999999998, -1.131]","(-0.649, -0.257]","(1.071, 1.326]"
2023-08-31,0.6263076507693558,-0.3396007892301195,-0.6937835801406351,No Rain,-0.6082179499866637,-1.3825004645470684,0,8,3,243,Summer,"(0.444, 0.8]","(-0.813, -0.303]","(-0.858, -0.593]","(-0.649, -0.257]","(-1.412, -1.072]"
2023-09-01,-0.11696654633708947,-0.023912666105155595,0.26522049423703425,No Rain,-1.2383708524301842,0.6707195864811295,0,9,4,244,Fall,"(-0.253, 0.171]","(-0.303, 0.0874]","(0.187, 0.463]","(-1.418, -1.049]","(0.383, 0.725]"
2023-09-02,-0.5743110175998045,0.6935244154233067,-1.3013144875001983,Rain,-0.6837024162179945,0.10457842308439615,1,9,5,245,Fall,"(-0.655, -0.253]","(0.412, 0.787]","(-1.4369999999999998, -1.131]","(-1.049, -0.649]","(0.0305, 0.383]"
2023-09-03,0.8793117627559922,0.41195552305773764,-0.01921747705103959,Rain,1.337413239226933,-1.4382363700224188,1,9,6,246,Fall,"(0.8, 0.995]","(0.0874, 0.412]","(-0.0421, 0.187]","(1.013, 1.337]","(-1.7309999999999999, -1.412]"
2023-09-04,0.20068681070508204,0.10381558390358828,0.27030611064265286,No Rain,1.7610115436003786,-0.9333270016802636,0,9,0,247,Fall,"(0.171, 0.444]","(0.0874, 0.412]","(0.187, 0.463]","(1.337, 1.768]","(-1.072, -0.727]"
2023-09-05,1.0872795937337467,0.7230195309668771,-0.4863734662490552,No Rain,-0.4617683292815626,-1.7304655378853186,0,9,1,248,Fall,"(0.995, 1.351]","(0.412, 0.787]","(-0.593, -0.3]","(-0.649, -0.257]","(-1.7309999999999999, -1.412]"
2023-09-06,1.1556552095048302,0.2743970865395241,0.7718874067559728,No Rain,-0.17755715191769292,-0.14527400780475158,0,9,2,249,Fall,"(0.995, 1.351]","(0.0874, 0.412]","(0.463, 0.838]","(-0.257, 0.03]","(-0.244, 0.0305]"
2023-09-07,1.0600963538350188,0.2752490847798832,-1.1423349599645383,Rain,0.7903059963080242,-0.7270988449168369,1,9,3,250,Fall,"(0.995, 1.351]","(0.0874, 0.412]","(-1.4369999999999998, -1.131]","(0.684, 1.013]","(-1.072, -0.727]"
2023-09-08,0.2870317820476087,0.9002060209913408,-1.232988389660042,No Rain,1.3711961011008253,0.3048584292780001,0,9,4,251,Fall,"(0.171, 0.444]","(0.787, 1.027]","(-1.4369999999999998, -1.131]","(1.337, 1.768]","(0.0305, 0.383]"
2023-09-09,0.49108220357170956,0.24924976305307672,0.6487796821727733,No Rain,0.333639738508456,-0.7410883038914362,0,9,5,252,Fall,"(0.444, 0.8]","(0.0874, 0.412]","(0.463, 0.838]","(0.03, 0.334]","(-1.072, -0.727]"
2023-09-10,1.2590700903106407,0.15704916596925536,-0.021738592975965566,No Rain,-0.3795989155268351,-0.7317747280391182,0,9,6,253,Fall,"(0.995, 1.351]","(0.0874, 0.412]","(-0.0421, 0.187]","(-0.649, -0.257]","(-1.072, -0.727]"
2023-09-11,0.5159771276237985,0.9860571467866535,0.5341351835841371,Rain,-0.30493294565998236,0.8079489083669423,1,9,0,254,Fall,"(0.444, 0.8]","(0.787, 1.027]","(0.463, 0.838]","(-0.649, -0.257]","(0.725, 1.071]"
2023-09-12,0.35365872561266753,0.8058672896073623,-0.1965420013250718,No Rain,0.6966811389475609,-1.606325922639576,0,9,1,255,Fall,"(0.171, 0.444]","(0.787, 1.027]","(-0.3, -0.0421]","(0.684, 1.013]","(-1.7309999999999999, -1.412]"
2023-09-13,0.9951021853412947,0.8933358555996487,-0.7394900060340255,Rain,-1.7539426361484314,1.362677095448997,1,9,2,256,Fall,"(0.8, 0.995]","(0.787, 1.027]","(-0.858, -0.593]","(-1.755, -1.418]","(1.326, 1.684]"
2023-09-14,1.351192222546447,0.8205476506943642,0.9107473446686436,Rain,0.427590961982378,1.186808630132567,1,9,3,257,Fall,"(0.995, 1.351]","(0.787, 1.027]","(0.838, 1.126]","(0.334, 0.684]","(1.071, 1.326]"
2023-09-15,1.3107340661896525,0.9078572374161775,0.8540208206269819,Rain,-0.5071300769688626,0.5460850129073939,1,9,4,258,Fall,"(0.995, 1.351]","(0.787, 1.027]","(0.838, 1.126]","(-0.649, -0.257]","(0.383, 0.725]"
2023-09-16,1.168809639168409,0.9002754890328651,0.5522715753222224,Rain,1.045584279922855,0.2870187027941263,1,9,5,259,Fall,"(0.995, 1.351]","(0.787, 1.027]","(0.463, 0.838]","(1.013, 1.337]","(0.0305, 0.383]"
2023-09-17,0.5002981731078345,0.9029562859038488,-0.6653111853082117,Rain,-1.4362095964059454,1.325883791824686,1,9,6,260,Fall,"(0.444, 0.8]","(0.787, 1.027]","(-0.858, -0.593]","(-1.755, -1.418]","(1.071, 1.326]"
2023-09-18,1.322584338478524,1.0119707885454152,0.25125309097165377,Rain,0.31650211993254035,-1.129802251240727,1,9,0,261,Fall,"(0.995, 1.351]","(0.787, 1.027]","(0.187, 0.463]","(0.03, 0.334]","(-1.412, -1.072]"
2023-09-19,1.351192222546447,1.0435754621797573,-0.4093508844769768,Rain,-0.06301680736674592,-1.4992499070076075,1,9,1,262,Fall,"(0.995, 1.351]","(1.027, 1.297]","(-0.593, -0.3]","(-0.257, 0.03]","(-1.7309999999999999, -1.412]"
2023-09-20,0.6779456619110458,0.9688273814865372,-1.1856041209132686,Rain,0.5080615763426289,-0.9416066986156647,1,9,2,263,Fall,"(0.444, 0.8]","(0.787, 1.027]","(-1.4369999999999998, -1.131]","(0.334, 0.684]","(-1.072, -0.727]"
2023-09-21,1.2786597141460134,1.0766168179335003,1.193743337976353,Rain,-1.535795563959123,0.9864362697230235,1,9,3,264,Fall,"(0.995, 1.351]","(1.027, 1.297]","(1.126, 9.43]","(-1.755, -1.418]","(0.725, 1.071]"
2023-09-22,1.351192222546447,0.5818371714904438,-1.0552548632213399,No Rain,0.2874143026103459,-1.6531232291324973,0,9,4,265,Fall,"(0.995, 1.351]","(0.412, 0.787]","(-1.131, -0.858]","(0.03, 0.334]","(-1.7309999999999999, -1.412]"
2023-09-23,1.351192222546447,1.4568704351660196,1.2886132904631833,No Rain,0.22193974208814318,0.2508428600247068,0,9,5,266,Fall,"(0.995, 1.351]","(1.297, 1.863]","(1.126, 9.43]","(0.03, 0.334]","(0.0305, 0.383]"
2023-09-24,1.351192222546447,1.397835974028514,-0.1643313138240337,Rain,0.2190215967653671,1.6841258583293197,1,9,6,267,Fall,"(0.995, 1.351]","(1.297, 1.863]","(-0.3, -0.0421]","(0.03, 0.334]","(1.326, 1.684]"
2023-09-25,1.351192222546447,1.2862294631324083,-0.9160370888166329,No Rain,0.37060201901528533,1.1987305302823783,0,9,0,268,Fall,"(0.995, 1.351]","(1.027, 1.297]","(-1.131, -0.858]","(0.334, 0.684]","(1.071, 1.326]"
2023-09-26,1.1310047139396444,1.3832326385426825,0.11199087927002334,Rain,0.6289024473334555,0.037703383485165796,1,9,1,269,Fall,"(0.995, 1.351]","(1.297, 1.863]","(-0.0421, 0.187]","(0.334, 0.684]","(0.0305, 0.383]"
2023-09-27,1.037806294377629,1.3994959107209448,1.0658975816170486,Rain,1.0837794324877905,-1.5524929771115952,1,9,2,270,Fall,"(0.995, 1.351]","(1.297, 1.863]","(0.838, 1.126]","(1.013, 1.337]","(-1.7309999999999999, -1.412]"
2023-09-28,1.351192222546447,1.1352844960868498,0.6604098017993785,Rain,-0.810351606457339,1.1142454418017385,1,9,3,271,Fall,"(0.995, 1.351]","(1.027, 1.297]","(0.463, 0.838]","(-1.049, -0.649]","(1.071, 1.326]"
2023-09-29,1.351192222546447,1.1842084107153064,0.8746099314195491,Rain,1.1547796162289852,0.30701557126649603,1,9,4,272,Fall,"(0.995, 1.351]","(1.027, 1.297]","(0.838, 1.126]","(1.013, 1.337]","(0.0305, 0.383]"
2023-09-30,1.351192222546447,1.4609432256858979,0.44878787285456445,Rain,-0.0018474990719519494,-1.3743286264745889,1,9,5,273,Fall,"(0.995, 1.351]","(1.297, 1.863]","(0.187, 0.463]","(-0.257, 0.03]","(-1.412, -1.072]"
2023-10-01,1.351192222546447,1.364319291487713,0.5452986089550834,Rain,-1.4925992967251764,-1.4475356404179613,1,10,6,274,Fall,"(0.995, 1.351]","(1.297, 1.863]","(0.463, 0.838]","(-1.755, -1.418]","(-1.7309999999999999, -1.412]"
2023-10-02,1.3353403210538566,1.8392939008334113,0.9974613641025214,Rain,-1.5581027041865503,1.3860602554492651,1,10,0,275,Fall,"(0.995, 1.351]","(1.297, 1.863]","(0.838, 1.126]","(-1.755, -1.418]","(1.326, 1.684]"
2023-10-03,1.302086202452125,1.7065577390441464,-0.7300790888383842,Rain,-0.5823572025220382,0.5509325939649777,1,10,1,276,Fall,"(0.995, 1.351]","(1.297, 1.863]","(-0.858, -0.593]","(-0.649, -0.257]","(0.383, 0.725]"
2023-10-04,1.351192222546447,1.4993731409365942,-0.039218803575064194,Rain,1.01266736355964,1.1069971847826345,1,10,2,277,Fall,"(0.995, 1.351]","(1.297, 1.863]","(-0.0421, 0.187]","(0.684, 1.013]","(1.071, 1.326]"
2023-10-05,1.351192222546447,1.0187821146739744,-0.8120825233617689,Rain,0.7393751895898977,1.2796039411990214,1,10,3,278,Fall,"(0.995, 1.351]","(0.787, 1.027]","(-0.858, -0.593]","(0.684, 1.013]","(1.071, 1.326]"
2023-10-06,1.351192222546447,1.0393367401212357,1.396469817273088,Rain,1.0258265060399716,0.21251430702684143,1,10,4,279,Fall,"(0.995, 1.351]","(1.027, 1.297]","(1.126, 9.43]","(1.013, 1.337]","(0.0305, 0.383]"
2023-10-07,0.17141836462815443,0.08735538168784869,-0.04209132364404484,Rain,0.029990521317610822,0.023811585316462918,1,10,5,280,Fall,"(-0.253, 0.171]","(-0.303, 0.0874]","(-0.3, -0.0421]","(-0.257, 0.03]","(-0.244, 0.0305]"
2023-10-08,1.351192222546447,1.1886716455827022,-1.3358896431282308,No Rain,-0.20732860093750502,-0.27845088569765475,0,10,6,281,Fall,"(0.995, 1.351]","(1.027, 1.297]","(-1.4369999999999998, -1.131]","(-0.257, 0.03]","(-0.727, -0.244]"
2023-10-09,0.8635173527021863,0.33814761374259517,0.5836185822933705,No Rain,-1.2434516278822036,-0.6726293629960619,0,10,0,282,Fall,"(0.8, 0.995]","(0.0874, 0.412]","(0.463, 0.838]","(-1.418, -1.049]","(-0.727, -0.244]"
2023-10-10,0.8754842893500735,0.9001394587272196,1.2166073174357703,Rain,-0.6037543834019453,-0.26397132107281857,1,10,1,283,Fall,"(0.8, 0.995]","(0.787, 1.027]","(1.126, 9.43]","(-0.649, -0.257]","(-0.727, -0.244]"
2023-10-11,0.4026843085905938,0.8896380156794795,-0.9291697780674112,No Rain,-0.2292002865624373,0.9145390847836576,0,10,2,284,Fall,"(0.171, 0.444]","(0.787, 1.027]","(-1.131, -0.858]","(-0.257, 0.03]","(0.725, 1.071]"
2023-10-12,1.081853142494539,0.509999383328046,0.18703754859175084,Rain,-1.4517479487673295,0.31724483445065305,1,10,3,285,Fall,"(0.995, 1.351]","(0.412, 0.787]","(-0.0421, 0.187]","(-1.755, -1.418]","(0.0305, 0.383]"
2023-10-13,0.2095070320181399,1.072360952561023,1.188483795061356,Rain,-0.9845171116152808,1.32665071772082,1,10,4,286,Fall,"(0.171, 0.444]","(1.027, 1.297]","(1.126, 9.43]","(-1.049, -0.649]","(1.326, 1.684]"
2023-10-14,0.8002649495341103,0.49426016277499946,-1.351682676965992,Rain,0.35197680609899784,-0.23345969131883484,1,10,5,287,Fall,"(0.8, 0.995]","(0.412, 0.787]","(-1.4369999999999998, -1.131]","(0.334, 0.684]","(-0.244, 0.0305]"
2023-10-15,0.856427436884112,0.8061852017609337,0.5601202016711737,Rain,0.8384130375903979,0.33518957779948266,1,10,6,288,Fall,"(0.8, 0.995]","(0.787, 1.027]","(0.463, 0.838]","(0.684, 1.013]","(0.0305, 0.383]"
2023-10-16,0.40750866060422675,1.4115492050745129,-0.5926861683107346,No Rain,1.7681368069280088,0.41931131792152215,0,10,0,289,Fall,"(0.171, 0.444]","(1.297, 1.863]","(-0.593, -0.3]","(1.337, 1.768]","(0.383, 0.725]"
2023-10-17,0.8013866051430675,0.16877140466214202,3.8199864007157487,Rain,1.537252260977347,0.2817236341436912,1,10,1,290,Fall,"(0.8, 0.995]","(0.0874, 0.412]","(1.126, 9.43]","(1.337, 1.768]","(0.0305, 0.383]"
2023-10-18,-0.11107361403434483,0.48779924554246934,1.3486087427190094,Rain,0.5089098576759533,0.6670647282486286,1,10,2,291,Fall,"(-0.253, 0.171]","(0.412, 0.787]","(1.126, 9.43]","(0.334, 0.684]","(0.383, 0.725]"
2023-10-19,-0.17013975965461522,0.3449345991624484,1.2714082283672024,Rain,-0.27440203161717097,-0.9488201733730212,1,10,3,292,Fall,"(-0.253, 0.171]","(0.0874, 0.412]","(1.126, 9.43]","(-0.649, -0.257]","(-1.072, -0.727]"
2023-10-20,0.9429600799531328,0.2172744094820772,-0.08304861035193967,Rain,0.48630127514278565,0.0061571365920485375,1,10,4,293,Fall,"(0.8, 0.995]","(0.0874, 0.412]","(-0.3, -0.0421]","(0.334, 0.684]","(-0.244, 0.0305]"
2023-10-21,0.1725688390314572,0.5035581444329067,1.0344800261673446,No Rain,1.0153382783668312,-1.4115238072149356,0,10,5,294,Fall,"(0.171, 0.444]","(0.412, 0.787]","(0.838, 1.126]","(1.013, 1.337]","(-1.7309999999999999, -1.412]"
2023-10-22,-0.25348845338639964,0.5169034328061157,0.9840731739798373,Rain,-1.3465036163013293,-0.4379415480784277,1,10,6,295,Fall,"(-0.655, -0.253]","(0.412, 0.787]","(0.838, 1.126]","(-1.418, -1.049]","(-0.727, -0.244]"
2023-10-23,0.2668412160273643,0.34708960580239767,-0.5300092631512092,Rain,-0.3145491013731705,-0.07962749997585708,1,10,0,296,Fall,"(0.171, 0.444]","(0.0874, 0.412]","(-0.593, -0.3]","(-0.649, -0.257]","(-0.244, 0.0305]"
2023-10-24,0.5637332002712182,-0.13371980708033415,0.9390239804341499,Rain,1.2069947425392034,0.49196602129893385,1,10,1,297,Fall,"(0.444, 0.8]","(-0.303, 0.0874]","(0.838, 1.126]","(1.013, 1.337]","(0.383, 0.725]"
2023-10-25,-0.3497491810495806,0.6269359645689139,-1.342860506910302,No Rain,-0.40682599529538777,1.5281421330610412,0,10,2,298,Fall,"(-0.655, -0.253]","(0.412, 0.787]","(-1.4369999999999998, -1.131]","(-0.649, -0.257]","(1.326, 1.684]"
2023-10-26,0.18593262212684245,-0.5789528736719901,0.26865509485287087,Rain,0.25870506255231857,0.3128252446300895,1,10,3,299,Fall,"(0.171, 0.444]","(-0.813, -0.303]","(0.187, 0.463]","(0.03, 0.334]","(0.0305, 0.383]"
2023-10-27,-0.7035468236554168,-0.46559945290968774,-0.786727042563663,Rain,0.31496992737529333,0.8093408104413068,1,10,4,300,Fall,"(-1.11, -0.655]","(-0.813, -0.303]","(-0.858, -0.593]","(0.03, 0.334]","(0.725, 1.071]"
2023-10-28,-0.8332604701927687,-0.22836415804287258,-1.1020843088769494,No Rain,-1.112412864781185,-0.01502343967266073,0,10,5,301,Fall,"(-1.11, -0.655]","(-0.303, 0.0874]","(-1.131, -0.858]","(-1.418, -1.049]","(-0.244, 0.0305]"
2023-10-29,-0.1887216461936929,-0.33367712901727214,-1.2277572525422158,Rain,-0.4832664648630509,0.42902495523350836,1,10,6,302,Fall,"(-0.253, 0.171]","(-0.813, -0.303]","(-1.4369999999999998, -1.131]","(-0.649, -0.257]","(0.383, 0.725]"
2023-10-30,0.17141836462815443,0.08735538168784869,-0.04209132364404484,No Rain,0.029990521317610822,-1.5271664402885132,0,10,0,303,Fall,"(-0.253, 0.171]","(-0.303, 0.0874]","(-0.3, -0.0421]","(-0.257, 0.03]","(-1.7309999999999999, -1.412]"
2023-10-31,-0.1857401598432808,-0.10236869133249411,-0.47014751497750723,No Rain,-1.672614598917225,-0.8899157452847108,0,10,1,304,Fall,"(-0.253, 0.171]","(-0.303, 0.0874]","(-0.593, -0.3]","(-1.755, -1.418]","(-1.072, -0.727]"
2023-11-01,-0.12965639628966483,-0.6388393352279327,0.6389192244823665,Rain,-1.6797107367498143,-0.5166454925034807,1,11,2,305,Fall,"(-0.253, 0.171]","(-0.813, -0.303]","(0.463, 0.838]","(-1.755, -1.418]","(-0.727, -0.244]"
2023-11-02,0.1702678902248517,-0.6580308236209855,-1.2611736370161368,No Rain,1.178307709019324,-0.1323337739901349,0,11,3,306,Fall,"(-0.253, 0.171]","(-0.813, -0.303]","(-1.4369999999999998, -1.131]","(1.013, 1.337]","(-0.244, 0.0305]"
2023-11-03,-0.5985714445551855,-0.9276038246001244,-0.5409881781964222,No Rain,-0.798848503061225,-1.6149892083308948,0,11,4,307,Fall,"(-0.655, -0.253]","(-1.297, -0.813]","(-0.593, -0.3]","(-1.049, -0.649]","(-1.7309999999999999, -1.412]"
2023-11-04,-0.9646203882263059,-0.6907968241987311,0.10504745214702987,No Rain,0.06831271049192841,-1.287174060920006,0,11,5,308,Fall,"(-1.11, -0.655]","(-0.813, -0.303]","(-0.0421, 0.187]","(0.03, 0.334]","(-1.412, -1.072]"
2023-11-05,-0.32532419336118584,-1.01046537940083,0.8289727423804649,Rain,-0.7080481213524672,-0.812029842021287,1,11,6,309,Fall,"(-0.655, -0.253]","(-1.297, -0.813]","(0.463, 0.838]","(-1.049, -0.649]","(-1.072, -0.727]"
2023-11-06,-1.1874621754077972,-1.0863358122642424,-0.5310119405028029,No Rain,1.564030440216778,1.6010918493846085,0,11,0,310,Fall,"(-1.554, -1.11]","(-1.297, -0.813]","(-0.593, -0.3]","(1.337, 1.768]","(1.326, 1.684]"
2023-11-07,-1.003257854707203,-0.9297132368592859,0.3540095178164434,No Rain,-0.8475992581614186,-0.6226091460969321,0,11,1,311,Fall,"(-1.11, -0.655]","(-1.297, -0.813]","(0.187, 0.463]","(-1.049, -0.649]","(-0.727, -0.244]"
